[_effect]
version                          = 1
max_particles                    = 500
flags                            = 37889
action_count                     = 6
 
[sprite]
shader                           = particles\alpha_add
texture                          = fallout4\smokefillvapor01atlassoft_d
 
[frame]
tex_size                         = 0.250000, 0.250000
reserved                         = 0.000000, 0.000000
dim_x                            = 4
frame_count                      = 16
speed                            = 24.000000
 
[align_to_path]
default_rotation                 = 0.000000, 0.000000, 0.000000
 
[action_0000]
action_type                      = 10
version                          = 1
action_name                      = killold
flags                            = 1
flt_0000                         = 2.000000
bool_0000                        = false
 
[action_0001]
action_type                      = 8
version                          = 1
action_name                      = gravity
flags                            = 0
vec_0000                         = 0.000000, -9.800000, 0.000000
bool_0000                        = true
 
[action_0002]
action_type                      = 12
version                          = 1
action_name                      = move
flags                            = 1
 
[action_0003]
action_type                      = 21
version                          = 1
action_name                      = source
flags                            = 1
flt_0000                         = 0.000000
flt_0001                         = 0.000000
flt_0002                         = 0.000000
flt_0003                         = 200.000000
flt_0004                         = 0.000000
bool_0000                        = false
bool_0001                        = false
 
[domain_action_0003_0000]
type                             = 0
v0                               = 0.301961, 0.360784, 0.435294
v1                               = 1.000000, 1.000000, 1.000000
v2                               = 1.000000, 1.000000, 1.000000
 
[domain_action_0003_0001]
type                             = 9
v0                               = 0.000000, 40.000000, 0.000000
v1                               = 0.000000, 0.500000, 0.000000
v2                               = 15.000000, 60.000000, 0.000000
 
[domain_action_0003_0002]
type                             = 0
v0                               = 0.000000, 0.000000, 0.000000
v1                               = 0.000000, 0.000000, 0.000000
v2                               = 0.000000, 0.000000, 0.000000
 
[domain_action_0003_0003]
type                             = 1
v0                               = 9.000000, 20.000000, 2.000000
v1                               = 18.000000, 40.000000, 0.000000
v2                               = 0.000000, 0.000000, 0.000000
 
[domain_action_0003_0004]
type                             = 0
v0                               = 0.000000, -40.000000, 0.000000
v1                               = 0.000000, 0.000000, 0.000000
v2                               = 0.000000, 0.000000, 0.000000
 
[action_0004]
action_type                      = 23
version                          = 1
action_name                      = targetcolor
flags                            = 1
flt_0000                         = 0.400000
flt_0001                         = 6.000000
flt_0002                         = 0.000000
flt_0003                         = 1.000000
vec_0000                         = 0.286275, 0.341176, 0.368627
 
[action_0005]
action_type                      = 23
version                          = 1
action_name                      = targetcolor_00
flags                            = 3
flt_0000                         = 0.000000
flt_0001                         = 14.000000
flt_0002                         = 0.800000
flt_0003                         = 1.000000
vec_0000                         = 0.278431, 0.352941, 0.423529
 
