[_effect]
version                          = 1
max_particles                    = 500
flags                            = 234497
action_count                     = 5
 
[sprite]
shader                           = particles\blend
texture                          = pfx\snowo
 
[frame]
tex_size                         = 0.500000, 0.500000
reserved                         = 0.000000, 0.000000
dim_x                            = 2
frame_count                      = 4
speed                            = 24.000000
 
[collision]
one_minus_friction               = 1.000000
collide_resilence                = 0.000000
collide_sqr_cutoff               = 0.000000
 
[align_to_path]
default_rotation                 = -1.570796, 0.000000, 0.000000
 
[action_0000]
action_type                      = 10
version                          = 1
action_name                      = killold
flags                            = 1
flt_0000                         = 15.000000
bool_0000                        = false
 
[action_0001]
action_type                      = 8
version                          = 1
action_name                      = gravity
flags                            = 0
vec_0000                         = 0.000000, -9.800000, 0.000000
bool_0000                        = true
 
[action_0002]
action_type                      = 12
version                          = 1
action_name                      = move
flags                            = 1
 
[action_0003]
action_type                      = 21
version                          = 1
action_name                      = source
flags                            = 1
flt_0000                         = 0.000000
flt_0001                         = 0.700000
flt_0002                         = 0.000000
flt_0003                         = 200.000000
flt_0004                         = 0.000000
bool_0000                        = false
bool_0001                        = false
 
[domain_action_0003_0000]
type                             = 0
v0                               = 1.000000, 1.000000, 1.000000
v1                               = 1.000000, 1.000000, 1.000000
v2                               = 1.000000, 1.000000, 1.000000
 
[domain_action_0003_0001]
type                             = 9
v0                               = 0.000000, 10.000000, 0.000000
v1                               = 0.000000, 0.500000, 0.000000
v2                               = 5.000000, 10.000000, 0.000000
 
[domain_action_0003_0002]
type                             = 0
v0                               = 3.141593, 0.000000, 0.000000
v1                               = 0.000000, 0.000000, 0.000000
v2                               = 0.000000, 0.000000, 0.000000
 
[domain_action_0003_0003]
type                             = 0
v0                               = 0.100000, 0.100000, 0.100000
v1                               = 0.000000, 0.000000, 0.000000
v2                               = 0.000000, 0.000000, 0.000000
 
[domain_action_0003_0004]
type                             = 0
v0                               = 0.000000, -4.000000, 0.000000
v1                               = 0.000000, 0.000000, 0.000000
v2                               = 0.000000, 0.000000, 0.000000
 
[action_0004]
action_type                      = 30
version                          = 1
action_name                      = turbulence
flags                            = 1
flt_0000                         = 0.010000
flt_0001                         = 0.600000
flt_0002                         = 3.000000
vec_0000                         = 1.000000, 1.000000, 1.000000
int_0000                         = 1
 
